20
1 3
1 7
1 15
1 20
2 9
2 11
2 12
2 13
2 14
2 18
3 1
3 19
4 6
4 12
5 13
5 18
6 4
6 14
6 15
6 20
7 1
7 9
7 10
7 12
7 16
7 17
8 16
8 20
9 2
9 7
9 17
9 18
10 7
10 14
10 18
10 19
11 2
11 12
11 13
11 15
12 2
12 4
12 7
12 11
12 13
12 20
13 2
13 5
13 11
13 12
13 14
13 19
14 2
14 6
14 10
14 13
14 16
14 17
15 1
15 6
15 11
15 16
15 19
15 20
16 7
16 8
16 14
16 15
16 17
16 20
17 7
17 9
17 14
17 16
18 2
18 9
18 10
18 13
19 3
19 10
19 13
19 15
20 1
20 6
20 8
20 12
20 15
20 16