20
1 3
1 11
1 12
1 14
1 17
1 18
2 6
2 9
2 10
2 13
2 17
2 18
3 1
3 4
3 10
3 12
3 14
3 16
3 19
3 20
4 3
4 9
4 13
4 14
4 15
4 18
5 9
5 13
5 14
5 18
6 2
6 7
6 9
6 15
7 6
7 10
7 12
7 13
7 16
7 18
8 12
8 19
9 2
9 4
9 5
9 6
9 13
9 18
10 2
10 3
10 7
10 13
10 17
10 19
11 1
12 1
12 3
12 7
12 8
12 9
12 13
13 2
13 4
13 5
13 7
13 10
13 12
13 14
14 1
14 3
14 4
14 5
14 13
14 20
15 4
15 6
15 18
16 3
16 7
16 17
16 20
17 1
17 2
17 10
17 18
17 20
18 1
18 2
18 4
18 5
18 7
18 9
18 13
18 15
18 17
18 20
19 3
19 8
19 10
19 14
20 3
20 16
20 17
20 18