20
1 2
1 6
1 7
1 13
1 14
1 19
2 3
2 6
2 10
2 14
2 20
3 12
3 14
3 19
4 13
4 14
4 16
4 18
5 7
5 12
5 15
5 18
5 19
5 20
6 7
6 12
6 13
6 14
6 18
6 20
7 5
7 6
7 12
7 14
7 16
7 17
7 20
8 15
8 18
8 19
8 20
9 12
9 15
9 19
9 20
10 2
10 12
10 13
10 20
11 14
11 18
12 3
12 5
12 6
12 7
12 9
12 10
12 19
13 1
13 4
13 6
13 10
13 14
13 18
13 20
14 1
14 2
14 3
14 4
14 6
14 7
14 10
14 11
14 13
14 15
15 5
15 8
15 9
15 12
15 14
15 16
15 17
15 18
16 4
16 7
16 15
16 17
16 19
16 20
17 7
17 15
17 16
17 18
18 4
18 5
18 6
18 7
18 13
18 14
18 15
18 19
18 20
19 1
19 9
19 12
19 13
19 15
19 16
19 18
20 2
20 5
20 6
20 7
20 8
20 10
20 13
20 14
20 16
20 18