20
1 2
1 5
1 8
1 12
1 19
1 20
2 8
2 10
2 12
2 13
2 15
2 18
2 20
3 4
3 5
3 10
3 11
3 12
3 13
4 8
4 13
4 19
5 1
5 3
5 6
5 15
5 17
5 18
5 19
5 20
6 5
6 7
6 8
6 9
6 12
6 13
6 18
6 19
7 6
7 8
7 10
7 12
7 16
7 17
8 1
8 2
8 4
8 6
8 7
8 9
8 10
8 11
8 12
8 15
8 18
8 19
9 6
9 8
9 15
9 19
10 2
10 3
10 7
10 8
10 13
10 14
10 15
10 16
10 17
10 19
11 3
11 8
11 12
11 13
11 18
11 19
12 1
12 2
12 3
12 6
12 7
12 8
12 11
13 2
13 3
13 4
13 6
13 10
13 11
13 18
13 20
14 10
14 15
14 20
15 2
15 5
15 8
15 9
15 10
15 17
15 19
16 7
16 10
16 17
16 19
17 5
17 10
17 15
17 18
18 2
18 5
18 6
18 7
18 13
18 17
18 19
19 1
19 5
19 6
19 8
19 9
19 10
19 11
19 13
19 14
19 16
19 17
19 18
20 1
20 2
20 12
20 13
20 14