20
1 2
1 3
1 4
1 7
1 9
1 11
1 14
1 16
2 5
2 6
2 8
2 9
2 14
2 15
2 16
2 17
2 18
2 19
3 6
3 7
3 9
3 11
3 14
3 18
4 1
4 6
4 10
4 13
4 15
4 16
4 17
4 18
5 2
5 8
5 9
5 10
5 14
5 17
5 19
5 20
6 2
6 3
6 4
6 10
6 12
6 13
6 16
6 20
7 1
7 3
7 8
7 10
7 15
7 16
7 17
7 18
8 2
8 5
8 7
8 11
8 13
8 15
8 17
8 19
9 1
9 2
9 3
9 5
9 10
9 14
9 15
9 16
9 17
9 19
10 4
10 5
10 6
10 7
10 9
10 14
10 19
11 1
11 8
11 12
11 15
12 3
12 6
12 13
12 15
12 16
12 17
12 18
13 4
13 8
13 12
13 15
13 16
13 17
13 18
13 19
14 1
14 2
14 3
14 5
14 9
14 10
14 13
14 15
14 16
14 17
14 19
15 2
15 4
15 7
15 8
15 9
15 10
15 11
15 12
15 13
15 14
15 16
15 19
15 20
16 1
16 2
16 4
16 6
16 7
16 8
16 9
16 12
16 13
16 14
16 15
16 18
16 20
17 2
17 3
17 4
17 5
17 6
17 7
17 9
17 11
17 12
17 13
17 14
17 16
17 19
17 20
18 2
18 3
18 4
18 9
18 12
18 13
18 17
18 19
18 20
19 2
19 5
19 8
19 9
19 10
19 13
19 14
19 15
19 16
19 17
19 18
20 1
20 4
20 6
20 16
20 17