20
1 2
1 4
1 7
1 11
1 14
1 20
2 3
2 10
2 11
2 12
2 13
2 15
2 16
2 17
2 18
2 19
2 20
3 4
3 6
3 10
3 12
3 14
3 15
3 16
3 18
3 19
4 6
4 7
4 8
4 10
4 11
4 15
4 16
4 19
5 6
5 7
5 9
5 10
5 14
5 16
5 19
5 20
6 3
6 4
6 5
6 8
6 10
6 11
6 12
6 13
7 4
7 5
7 10
7 12
7 13
7 16
7 18
7 19
7 20
8 4
8 6
8 11
8 12
8 15
8 16
8 18
9 5
9 10
9 11
9 14
9 15
9 16
9 18
9 20
10 2
10 3
10 4
10 5
10 6
10 7
10 9
10 11
10 15
10 16
11 1
11 2
11 4
11 6
11 7
11 9
11 10
12 2
12 3
12 6
12 7
12 11
12 13
12 14
12 15
12 17
12 18
12 19
12 20
13 2
13 6
13 7
13 12
13 14
13 15
13 16
13 17
13 18
13 19
13 20
14 1
14 3
14 5
14 13
14 16
14 20
15 2
15 3
15 4
15 8
15 9
15 10
15 12
15 16
15 17
15 20
16 2
16 3
16 4
16 5
16 7
16 8
16 9
16 10
16 11
16 12
16 13
16 14
16 15
16 18
16 20
17 2
17 3
17 12
17 13
17 14
17 18
18 2
18 3
18 7
18 8
18 9
18 10
18 12
18 13
18 15
18 16
18 17
18 19
18 20
19 2
19 3
19 4
19 5
19 7
19 8
19 9
19 10
19 11
19 12
19 13
19 18
19 20
20 1
20 2
20 3
20 4
20 5
20 7
20 9
20 11
20 12
20 13
20 14
20 15
20 16
20 18
20 19