20
1 2
1 7
1 8
1 9
1 11
1 17
1 18
1 20
2 5
2 6
2 7
2 8
2 12
2 14
2 15
2 18
2 19
3 4
3 5
3 7
3 8
3 9
3 11
3 12
3 15
3 18
3 20
4 5
4 6
4 7
4 8
4 11
4 12
4 14
4 15
4 16
4 19
4 20
5 2
5 3
5 4
5 7
5 8
5 9
5 10
5 12
5 13
5 14
5 16
5 17
5 18
5 19
6 2
6 4
6 7
6 9
6 11
6 12
6 17
6 18
6 19
6 20
7 1
7 2
7 3
7 4
7 5
7 6
7 10
7 11
7 12
7 14
7 17
7 20
8 1
8 2
8 3
8 4
8 5
8 10
8 11
8 12
8 13
8 14
8 17
8 18
8 19
8 20
9 1
9 3
9 5
9 6
9 8
9 10
9 15
9 18
9 19
10 5
10 7
10 8
10 11
10 12
10 13
10 14
10 16
10 17
11 1
11 4
11 6
11 7
11 8
11 10
11 13
11 14
11 15
11 16
11 17
11 19
11 20
12 2
12 3
12 4
12 5
12 6
12 7
12 8
12 11
12 13
12 14
12 15
12 16
12 17
12 19
13 5
13 10
13 12
13 14
13 16
13 17
13 20
14 2
14 4
14 5
14 7
14 8
14 11
14 12
14 13
14 17
14 19
14 20
15 3
15 4
15 5
15 9
15 11
15 12
15 16
15 17
15 18
15 20
16 4
16 5
16 10
16 11
16 12
16 13
16 15
16 18
16 19
16 20
17 1
17 5
17 6
17 7
17 8
17 10
17 11
17 12
17 13
17 14
17 15
17 18
17 19
17 20
18 1
18 2
18 3
18 5
18 6
18 9
18 10
18 11
18 14
18 15
18 16
18 17
19 2
19 4
19 5
19 6
19 7
19 8
19 10
19 11
19 12
19 14
19 15
19 16
19 17
20 1
20 3
20 4
20 6
20 7
20 8
20 11
20 13
20 14
20 15
20 16
20 17