20
1 2
1 3
1 4
1 5
1 7
1 11
1 14
1 15
1 16
1 17
1 18
1 20
2 5
2 7
2 8
2 10
2 11
2 12
2 13
2 14
2 15
2 16
2 18
3 4
3 6
3 8
3 9
3 11
3 13
3 14
3 15
3 16
4 1
4 3
4 5
4 8
4 13
4 14
4 15
4 16
4 19
4 20
5 1
5 2
5 4
5 8
5 9
5 10
5 11
5 12
5 13
5 14
5 15
5 16
5 18
5 19
6 3
6 10
6 11
6 12
6 15
6 16
6 17
6 18
7 1
7 2
7 8
7 9
7 10
7 12
7 15
7 16
7 18
7 20
8 2
8 3
8 4
8 5
8 7
8 10
8 12
8 13
8 18
8 19
9 3
9 5
9 7
9 8
9 11
9 12
9 13
9 18
9 19
9 20
10 2
10 5
10 6
10 7
10 9
10 11
10 12
10 13
10 16
10 17
10 18
10 19
10 20
11 1
11 2
11 3
11 5
11 6
11 10
11 12
11 13
11 14
11 15
11 16
11 18
11 20
12 2
12 5
12 7
12 8
12 9
12 10
12 11
12 14
12 15
12 16
12 17
12 18
12 19
12 20
13 2
13 3
13 4
13 5
13 8
13 9
13 10
13 11
13 18
13 20
14 1
14 2
14 3
14 4
14 5
14 7
14 8
14 10
14 11
14 15
14 16
14 17
14 18
14 19
14 20
15 1
15 2
15 3
15 4
15 5
15 6
15 7
15 8
15 10
15 11
15 14
15 16
15 18
15 20
16 1
16 2
16 3
16 4
16 5
16 6
16 7
16 10
16 11
16 12
16 14
16 15
16 17
16 20
17 1
17 2
17 3
17 4
17 5
17 6
17 12
17 14
17 15
17 16
17 19
17 20
18 1
18 2
18 5
18 6
18 7
18 9
18 10
18 11
18 13
18 14
18 15
18 19
18 20
19 4
19 5
19 8
19 9
19 10
19 11
19 12
19 14
19 15
19 16
19 18
20 1
20 2
20 3
20 4
20 7
20 9
20 10
20 11
20 12
20 13
20 14
20 15
20 17
20 18